# This file may be used to create an environment using:
# $ conda create --name <env> --file <this file>
# platform: win-64
# created-by: conda 24.11.3
altgraph=0.17.4=pypi_0
beautifulsoup4=4.13.4=pypi_0
bzip2=1.0.8=h2bbff1b_6
ca-certificates=2025.7.15=haa95532_0
certifi=2025.8.3=pypi_0
charset-normalizer=3.4.3=pypi_0
dotenv=0.9.9=pypi_0
et-xmlfile=2.0.0=pypi_0
expat=2.7.1=h8ddb27b_0
idna=3.10=pypi_0
libffi=3.4.4=hd77b12b_1
lxml=6.0.0=pypi_0
numpy=2.3.2=pypi_0
openpyxl=3.1.5=pypi_0
openssl=3.0.17=h35632f6_0
packaging=25.0=pypi_0
pandas=2.3.1=pypi_0
pefile=2023.2.7=pypi_0
pip=25.1=pyhc872135_2
pyinstaller=6.15.0=pypi_0
pyinstaller-hooks-contrib=2025.8=pypi_0
python=3.12.11=h716150d_0
python-dateutil=2.9.0.post0=pypi_0
python-docx=1.2.0=pypi_0
python-dotenv=1.1.1=pypi_0
pytz=2025.2=pypi_0
pywin32-ctypes=0.2.3=pypi_0
requests=2.32.4=pypi_0
setuptools=78.1.1=py312haa95532_0
six=1.17.0=pypi_0
soupsieve=2.7=pypi_0
sqlite=3.50.2=hda9a48d_1
tk=8.6.15=hf199647_0
typing-extensions=4.14.1=pypi_0
tzdata=2025.2=pypi_0
ucrt=10.0.22621.0=haa95532_0
urllib3=2.5.0=pypi_0
vc=14.3=h2df5915_10
vc14_runtime=14.44.35208=h4927774_10
vs2015_runtime=14.44.35208=ha6b5a95_10
wheel=0.45.1=py312haa95532_0
xz=5.6.4=h4754444_1
zlib=1.2.13=h8cc25b3_1
